Question 1

Solving 1000-Q1
17 1000.0 14944.7681159
41 1
205 1
289 1
408 1
554 1
619 1
670 1
727 0.594202898551
736 1
760 1
770 1
817 1
825 1
842 1
869 1
882 1
907 1
Elapsed: 0.00146508216858

Solving 1000-Q2
32 2000.0 27950.1076923
41 1
111 1
161 1
205 1
268 1
276 1
289 1
345 1
399 1
408 1
457 1
460 1
484 1
505 1
515 1
554 1
564 1
571 1
619 1
670 1
727 1
736 1
760 1
770 1
817 1
825 1
842 1
869 1
882 1
907 1
932 0.953846153846
933 1
Elapsed: 0.000921010971069

Solving 1000-Q3
73 5000.0 60658.9306931
12 1
41 1
46 1
61 1
107 1
111 1
138 1
141 1
161 1
178 1
205 1
220 1
237 1
244 1
257 1
268 1
269 1
276 1
289 1
296 1
320 1
322 1
337 1
339 1
345 1
348 1
353 1
359 1
372 1
373 1
382 1
399 1
408 1
420 1
457 1
460 1
482 1
484 1
505 1
508 1
515 1
525 1
527 1
554 1
564 1
571 1
599 1
619 1
632 1
637 1
670 1
716 0.108910891089
727 1
736 1
748 1
760 1
770 1
777 1
809 1
817 1
822 1
825 1
842 1
859 1
869 1
882 1
906 1
907 1
932 1
933 1
948 1
949 1
968 1
Elapsed: 0.000931978225708

Solving 1000-Q4
130 10000.0 104226.761905
12 1
39 1
41 1
45 1
46 1
50 1
55 1
61 1
83 1
107 1
109 1
110 1
111 1
117 1
123 1
131 1
136 1
138 1
141 1
161 1
172 1
176 1
178 1
204 1
205 1
220 1
226 1
237 1
244 1
257 1
262 1
268 1
269 1
276 1
289 1
296 1
308 1
320 1
322 1
337 1
339 1
345 1
348 1
353 1
359 1
372 1
373 1
378 1
382 1
399 1
400 1
408 1
420 1
423 1
428 1
445 1
457 1
460 1
468 1
482 1
484 1
485 1
505 1
508 1
513 1
515 1
525 1
527 1
543 1
547 1
549 1
554 1
555 1
564 1
567 1
571 1
583 1
585 1
586 1
599 1
605 1
606 1
607 1
619 1
621 0.452380952381
626 1
632 1
637 1
648 1
667 1
670 1
671 1
674 1
707 1
716 1
727 1
734 1
736 1
740 1
748 1
755 1
760 1
764 1
770 1
777 1
803 1
809 1
817 1
822 1
825 1
842 1
846 1
850 1
852 1
859 1
869 1
870 1
882 1
896 1
899 1
906 1
907 1
908 1
924 1
932 1
933 1
948 1
949 1
966 1
968 1
Elapsed: 0.00129699707031

Solving 120-Q1
14 1000.0 1218.0106383
1 1
6 1
18 1
19 1
32 1
48 1
64 1
76 1
80 1
85 1
93 1
96 1
99 0.18085106383
106 1
Elapsed: 0.000163793563843

Solving 120-Q2
23 2000.0 2038.86419753
1 1
6 1
10 1
15 1
18 1
19 1
32 1
35 1
45 1
47 1
48 1
50 1
62 1
64 1
75 0.654320987654
76 1
79 1
80 1
85 1
93 1
96 1
99 1
106 1
Elapsed: 0.000108957290649

Solving 120-Q3
45 5000.0 3929.94545455
1 1
4 1
5 1
6 1
10 1
13 1
14 1
15 1
16 1
17 1
18 1
19 1
22 1
25 1
30 1
32 1
35 1
36 1
39 1
44 1
45 1
47 1
48 1
50 1
55 1
61 1
62 1
64 1
66 1
67 1
75 1
76 1
79 1
80 1
85 1
93 1
95 1
96 1
97 1
99 1
101 1
106 1
110 0.618181818182
112 1
113 1
Elapsed: 0.000103950500488

Solving 120-Q4
75 10000.0 6008.06756757
1 1
2 1
3 1
4 1
5 1
6 1
7 1
10 1
12 1
13 1
14 1
15 1
16 1
17 1
18 1
19 1
20 1
22 1
24 1
25 1
27 1
29 1
30 1
31 1
32 1
35 1
36 1
37 1
39 1
42 1
44 1
45 1
46 1
47 1
48 1
50 1
55 1
56 1
59 1
60 1
61 1
62 1
64 1
66 1
67 1
68 0.653153153153
69 1
71 1
72 1
73 1
75 1
76 1
79 1
80 1
84 1
85 1
87 1
89 1
91 1
93 1
95 1
96 1
97 1
98 1
99 1
101 1
102 1
106 1
110 1
111 1
112 1
113 1
114 1
116 1
118 1
Elapsed: 0.000124931335449

Solving 250-Q1
16 1000.0 3070.12222222
30 1
31 1
36 1
48 1
94 1
98 1
108 1
112 1
141 1
184 1
185 1
192 1
196 1
215 1
232 0.211111111111
235 1
Elapsed: 0.000202894210815

Solving 250-Q2
28 2000.0 5175.23529412
2 1
13 1
30 1
31 1
36 1
47 1
48 1
60 1
79 1
94 1
98 1
108 1
112 1
141 1
146 1
147 1
181 1
184 1
185 1
192 1
196 1
212 0.352941176471
215 1
230 1
232 1
235 1
236 1
248 1
Elapsed: 0.000195980072021

Solving 250-Q3
55 5000.0 10032.2865854
2 1
6 1
13 1
20 1
22 1
30 1
31 1
36 1
47 1
48 1
56 1
60 1
64 1
75 1
79 1
92 1
94 1
98 1
101 1
102 1
103 1
108 1
112 1
118 1
123 1
138 1
141 1
143 0.676829268293
146 1
147 1
155 1
159 1
163 1
172 1
180 1
181 1
184 1
185 1
186 1
192 1
193 1
195 1
196 1
207 1
209 1
212 1
215 1
230 1
231 1
232 1
233 1
235 1
236 1
237 1
248 1
Elapsed: 0.000213861465454

Solving 250-Q4
90 10000.0 15945.4220183
2 1
6 1
13 1
20 1
22 1
24 1
30 1
31 1
33 1
36 1
38 1
39 0.211009174312
40 1
43 1
45 1
47 1
48 1
56 1
60 1
64 1
70 1
73 1
75 1
76 1
79 1
88 1
90 1
92 1
93 1
94 1
96 1
98 1
100 1
101 1
102 1
103 1
104 1
108 1
112 1
118 1
119 1
123 1
131 1
134 1
138 1
141 1
143 1
146 1
147 1
151 1
155 1
157 1
159 1
163 1
168 1
171 1
172 1
173 1
175 1
180 1
181 1
184 1
185 1
186 1
192 1
193 1
195 1
196 1
197 1
201 1
202 1
206 1
207 1
209 1
212 1
213 1
215 1
220 1
222 1
230 1
231 1
232 1
233 1
235 1
236 1
237 1
238 1
245 1
247 1
248 1
Elapsed: 0.000225067138672

Solving 500-Q1
18 1000.0 7407.13043478
44 1
116 1
157 1
188 1
208 1
209 1
216 1
223 1
242 1
270 1
294 1
297 1
306 1
324 1
349 0.144927536232
444 1
473 1
475 1
Elapsed: 0.000453233718872

Solving 500-Q2
31 2000.0 12793.6428571
18 1
44 1
85 1
88 1
116 1
157 1
161 0.559523809524
163 1
188 1
208 1
209 1
213 1
215 1
216 1
223 1
242 1
269 1
270 1
294 1
297 1
305 1
306 1
324 1
328 1
349 1
417 1
444 1
446 1
460 1
473 1
475 1
Elapsed: 0.000479221343994

Solving 500-Q3
64 5000.0 25404.3142857
14 1
18 1
19 0.514285714286
20 1
21 1
25 1
38 1
44 1
50 1
74 1
80 1
85 1
88 1
93 1
116 1
144 1
147 1
150 1
157 1
158 1
160 1
161 1
163 1
188 1
208 1
209 1
213 1
215 1
216 1
217 1
223 1
228 1
242 1
247 1
251 1
269 1
270 1
273 1
286 1
294 1
297 1
305 1
306 1
310 1
324 1
328 1
332 1
340 1
349 1
360 1
375 1
398 1
411 1
417 1
424 1
430 1
444 1
446 1
457 1
460 1
472 1
473 1
475 1
480 1
Elapsed: 0.000505924224854

Solving 500-Q4
109 10000.0 42136.6526946
5 1
14 1
16 1
17 1
18 1
19 1
20 1
21 1
25 1
27 1
32 1
35 1
38 1
41 1
44 1
46 1
50 1
53 1
57 1
68 0.149700598802
73 1
74 1
80 1
83 1
85 1
88 1
93 1
94 1
103 1
108 1
116 1
144 1
145 1
147 1
150 1
152 1
157 1
158 1
160 1
161 1
163 1
169 1
171 1
173 1
176 1
188 1
191 1
193 1
208 1
209 1
210 1
213 1
215 1
216 1
217 1
223 1
228 1
229 1
242 1
247 1
251 1
254 1
259 1
264 1
266 1
269 1
270 1
273 1
279 1
282 1
283 1
284 1
286 1
289 1
294 1
297 1
298 1
305 1
306 1
310 1
324 1
328 1
332 1
340 1
349 1
358 1
360 1
363 1
374 1
375 1
398 1
411 1
417 1
424 1
430 1
431 1
444 1
446 1
449 1
455 1
457 1
460 1
472 1
473 1
475 1
480 1
483 1
496 1
497 1
Elapsed: 0.000514030456543

