90 10000.0 15945.4220183 
2 1
6 1
13 1
20 1
22 1
24 1
30 1
31 1
33 1
36 1
38 1
39 0.211009174312
40 1
43 1
45 1
47 1
48 1
56 1
60 1
64 1
70 1
73 1
75 1
76 1
79 1
88 1
90 1
92 1
93 1
94 1
96 1
98 1
100 1
101 1
102 1
103 1
104 1
108 1
112 1
118 1
119 1
123 1
131 1
134 1
138 1
141 1
143 1
146 1
147 1
151 1
155 1
157 1
159 1
163 1
168 1
171 1
172 1
173 1
175 1
180 1
181 1
184 1
185 1
186 1
192 1
193 1
195 1
196 1
197 1
201 1
202 1
206 1
207 1
209 1
212 1
213 1
215 1
220 1
222 1
230 1
231 1
232 1
233 1
235 1
236 1
237 1
238 1
245 1
247 1
248 1
