129 9999 104198 
12 1
41 1
45 1
46 1
50 1
55 1
61 1
83 1
107 1
109 1
110 1
111 1
117 1
123 1
131 1
136 1
138 1
141 1
161 1
172 1
176 1
178 1
204 1
205 1
220 1
226 1
237 1
244 1
257 1
262 1
268 1
269 1
276 1
289 1
296 1
308 1
320 1
322 1
337 1
339 1
344 1
345 1
348 1
353 1
359 1
372 1
373 1
378 1
382 1
399 1
400 1
408 1
420 1
423 1
428 1
445 1
457 1
460 1
468 1
482 1
484 1
485 1
505 1
508 1
513 1
515 1
525 1
527 1
543 1
547 1
549 1
554 1
555 1
564 1
567 1
571 1
583 1
585 1
586 1
599 1
605 1
606 1
607 1
619 1
621 1
626 1
632 1
637 1
648 1
667 1
670 1
671 1
674 1
707 1
716 1
727 1
736 1
740 1
748 1
755 1
760 1
764 1
770 1
777 1
803 1
809 1
817 1
822 1
825 1
842 1
846 1
850 1
852 1
859 1
869 1
870 1
882 1
896 1
899 1
906 1
907 1
908 1
924 1
932 1
933 1
948 1
949 1
966 1
968 1
